{
 "cells": [
  {
   "cell_type": "code",
   "execution_count": 15,
   "metadata": {},
   "outputs": [
    {
     "name": "stdout",
     "output_type": "stream",
     "text": [
      "Ngắt kết nối với MongoDB\n",
      "                         _id  \\\n",
      "0   664f7bbff7d334bb0ba94e00   \n",
      "1   66648d1fe14004ab2684b308   \n",
      "2   66648eb0e14004ab2684b3c3   \n",
      "3   66648f04e14004ab2684b3e4   \n",
      "4   66649528e14004ab2684b790   \n",
      "5   666495a0e14004ab2684b890   \n",
      "6   66649682e14004ab2684b90c   \n",
      "7   667098f93ceb1e17489672d0   \n",
      "8   667868b8c070b2f1253fb148   \n",
      "9   6678698fc070b2f1253fb1d2   \n",
      "10  66786bccc070b2f1253fb266   \n",
      "11  66786c78c070b2f1253fb2ad   \n",
      "12  667873223f6da702146853d2   \n",
      "13  667875ef07cebf7337495a38   \n",
      "14  6678783207cebf7337495d20   \n",
      "15  6678797c07cebf7337495ef1   \n",
      "16  66787a1407cebf7337495f25   \n",
      "17  66787ace07cebf7337495f6d   \n",
      "18  66787e4607cebf7337495fe3   \n",
      "19  66787ec307cebf7337496017   \n",
      "20  66787fc607cebf7337496095   \n",
      "21  6678806007cebf73374960c3   \n",
      "22  6678836f07cebf7337496332   \n",
      "23  667883f207cebf7337496366   \n",
      "\n",
      "                                                 name  \\\n",
      "0                                              Naruto   \n",
      "1                                           ONE PIECE   \n",
      "2                                    7 VIÊN NGỌC RỒNG   \n",
      "3                                              BLEACH   \n",
      "4                                  CHAINSAWMAN PHẦN 2   \n",
      "5                                         THỢ SĂN QUỶ   \n",
      "6                                       SAKAMOTO DAYS   \n",
      "7                  THẦN CHẾT LÀM THÊM 300 YÊN MỘT GIỜ   \n",
      "8                             HÔM NAY - TÔI HÓA KAIJU   \n",
      "9                                 THANH GƯƠM DIỆT QUỶ   \n",
      "10                                       Sayonara Eri   \n",
      "11                                           Tokidoki   \n",
      "12                                            Gimmick   \n",
      "13                                      Naruto Gaiden   \n",
      "14                           KEKKON YUBIWA MONOGATARI   \n",
      "15  ĐƯỢC CÁC ANH TRAI CHIỀU CHUỘNG TÔI TRỞ NÊN NGA...   \n",
      "16                                      Demon x Angel   \n",
      "17                   SỰ BIẾN MẤT CỦA NAGATO YUKI-CHAN   \n",
      "18                CHỈ CÓ TÔI KHÔNG BỊ ZOMBIE TẤN CÔNG   \n",
      "19                          NHỮNG KẺ BÊN TRONG GENOME   \n",
      "20                              SAVAGE FANG OJOU-SAMA   \n",
      "21               JUJUTSU KAISEN - CHÚ THUẬT HỒI CHIẾN   \n",
      "22                       IJIN TENSEI – GOKOKU WARFARE   \n",
      "23                       DR.STONE - HỒI SINH THẾ GIỚI   \n",
      "\n",
      "                      author  \\\n",
      "0                              \n",
      "1               Eiichiro Oda   \n",
      "2             Akira Toriyama   \n",
      "3               Thechosenone   \n",
      "4           Fujimoto Tatsuki   \n",
      "5                              \n",
      "6               Suzuki Yuuto   \n",
      "7                              \n",
      "8                              \n",
      "9                              \n",
      "10          Fujimoto Tatsuki   \n",
      "11                             \n",
      "12                             \n",
      "13         Kishimoto Masashi   \n",
      "14                             \n",
      "15                             \n",
      "16                             \n",
      "17                             \n",
      "18                             \n",
      "19                             \n",
      "20  Akaishi Kaoru - Kayahara   \n",
      "21              Akutami Gege   \n",
      "22                             \n",
      "23                             \n",
      "\n",
      "                                                genre               updatedAt  \n",
      "0                                    action|adventure 2024-06-28 06:06:06.565  \n",
      "1   action|adventure|comedy|drama|fantasy|shounen|... 2024-06-24 18:00:00.439  \n",
      "2                            action|adventure|shounen 2024-06-24 18:00:00.439  \n",
      "3                    action|adventure|fantasy|shounen 2024-06-24 18:00:00.439  \n",
      "4                 action|comedy|psychological|shounen 2024-06-24 18:00:00.439  \n",
      "5                         action|shounen|supernatural 2024-06-24 18:00:00.439  \n",
      "6    action|comedy|shounen|slice-of-life|supernatural 2024-06-24 18:00:00.439  \n",
      "7   drama|manga|romance|school-life|supernatural|t... 2024-06-24 18:00:00.439  \n",
      "8                                               manga 2024-06-24 18:00:00.439  \n",
      "9              drama|fantasy|historical|manga|shounen 2024-06-24 18:00:00.439  \n",
      "10                                       comedy|drama 2024-06-24 18:00:00.439  \n",
      "11  comedy|one-shot|romance|school-life|slice-of-l... 2024-06-24 18:00:00.439  \n",
      "12                                       comedy|drama 2024-06-24 18:00:00.439  \n",
      "13  action|adventure|martial-arts|one-shot|romance... 2024-06-24 18:00:00.439  \n",
      "14        adventure|comedy|ecchi|harem|romance|seinen 2024-06-24 18:00:00.439  \n",
      "15              chuyen-sinh|manhua|romance|truyen-mau 2024-06-24 18:00:00.439  \n",
      "16                             comedy|fantasy|romance 2024-06-24 18:00:00.439  \n",
      "17  comedy|romance|school-life|slice-of-life|super... 2024-06-24 18:00:00.439  \n",
      "18  action|adventure|drama|mature|psychological|se... 2024-06-24 18:00:00.439  \n",
      "19  adventure|manga|mystery|psychological|romance|... 2024-06-24 18:00:00.439  \n",
      "20           action|drama|fantasy|gender-bender|manga 2024-06-24 18:00:00.439  \n",
      "21                action|fantasy|shounen|supernatural 2024-06-24 18:00:00.439  \n",
      "22                         action|drama|manga|shounen 2024-06-24 18:00:00.439  \n",
      "23                  action|manga|shounen|supernatural 2024-06-24 18:00:00.439  \n"
     ]
    }
   ],
   "source": [
    "import sys\n",
    "from pathlib import Path\n",
    "\n",
    "# Đường dẫn tới thư mục chứa module export_manga\n",
    "module_path = Path('../export_manga.py').resolve()\n",
    "\n",
    "# Thêm đường dẫn tới sys.path\n",
    "sys.path.append(str(module_path.parent))\n",
    "\n",
    "# Import module\n",
    "import export_manga\n",
    "\n",
    "# Sử dụng hàm export_mangas_to_dict từ module export_manga\n",
    "mangas_df = export_manga.export_mangas_to_dict()\n",
    "print(mangas_df)\n"
   ]
  },
  {
   "cell_type": "code",
   "execution_count": 16,
   "metadata": {},
   "outputs": [],
   "source": [
    "from sklearn.feature_extraction.text import TfidfVectorizer\n",
    "from sklearn.metrics.pairwise import linear_kernel"
   ]
  },
  {
   "cell_type": "code",
   "execution_count": 17,
   "metadata": {},
   "outputs": [],
   "source": [
    "tfidf = TfidfVectorizer(token_pattern=r'[a-zA-Z0-9\\-]+')"
   ]
  },
  {
   "cell_type": "code",
   "execution_count": 18,
   "metadata": {},
   "outputs": [],
   "source": [
    "vl = mangas_df['genre'][:4]"
   ]
  },
  {
   "cell_type": "code",
   "execution_count": 19,
   "metadata": {},
   "outputs": [
    {
     "data": {
      "text/plain": [
       "0                                     action|adventure\n",
       "1    action|adventure|comedy|drama|fantasy|shounen|...\n",
       "2                             action|adventure|shounen\n",
       "3                     action|adventure|fantasy|shounen\n",
       "Name: genre, dtype: object"
      ]
     },
     "execution_count": 19,
     "metadata": {},
     "output_type": "execute_result"
    }
   ],
   "source": [
    "mangas_df['genre'][:4]"
   ]
  },
  {
   "cell_type": "markdown",
   "metadata": {},
   "source": []
  },
  {
   "cell_type": "code",
   "execution_count": 20,
   "metadata": {},
   "outputs": [],
   "source": [
    "tfidf_matrix = tfidf.fit_transform(mangas_df['genre'])"
   ]
  },
  {
   "cell_type": "code",
   "execution_count": 21,
   "metadata": {},
   "outputs": [],
   "source": [
    "import pandas as pd"
   ]
  },
  {
   "cell_type": "code",
   "execution_count": 22,
   "metadata": {},
   "outputs": [
    {
     "name": "stdout",
     "output_type": "stream",
     "text": [
      "      action  adventure  chuyen-sinh    comedy     drama    ecchi   fantasy  \\\n",
      "0   0.615742   0.787948     0.000000  0.000000  0.000000  0.00000  0.000000   \n",
      "1   0.313918   0.401712     0.000000  0.380776  0.380776  0.00000  0.425116   \n",
      "2   0.517532   0.662272     0.000000  0.000000  0.000000  0.00000  0.000000   \n",
      "3   0.423808   0.542336     0.000000  0.000000  0.000000  0.00000  0.573933   \n",
      "4   0.383988   0.000000     0.000000  0.465770  0.000000  0.00000  0.000000   \n",
      "5   0.517532   0.000000     0.000000  0.000000  0.000000  0.00000  0.000000   \n",
      "6   0.344629   0.000000     0.000000  0.418029  0.000000  0.00000  0.000000   \n",
      "7   0.000000   0.000000     0.000000  0.000000  0.327760  0.00000  0.000000   \n",
      "8   0.000000   0.000000     0.000000  0.000000  0.000000  0.00000  0.000000   \n",
      "9   0.000000   0.000000     0.000000  0.000000  0.362192  0.00000  0.404367   \n",
      "10  0.000000   0.000000     0.000000  0.707107  0.707107  0.00000  0.000000   \n",
      "11  0.000000   0.000000     0.000000  0.291290  0.000000  0.00000  0.000000   \n",
      "12  0.000000   0.000000     0.000000  0.707107  0.707107  0.00000  0.000000   \n",
      "13  0.238651   0.305395     0.000000  0.000000  0.289479  0.00000  0.323188   \n",
      "14  0.000000   0.296648     0.000000  0.281188  0.000000  0.51735  0.000000   \n",
      "15  0.000000   0.000000     0.548096  0.000000  0.000000  0.00000  0.000000   \n",
      "16  0.000000   0.000000     0.000000  0.545590  0.000000  0.00000  0.609122   \n",
      "17  0.000000   0.000000     0.000000  0.362837  0.000000  0.00000  0.000000   \n",
      "18  0.248412   0.317886     0.000000  0.000000  0.301319  0.00000  0.000000   \n",
      "19  0.000000   0.319539     0.000000  0.000000  0.000000  0.00000  0.000000   \n",
      "20  0.299883   0.000000     0.000000  0.000000  0.363752  0.00000  0.406109   \n",
      "21  0.423808   0.000000     0.000000  0.000000  0.000000  0.00000  0.573933   \n",
      "22  0.430281   0.000000     0.000000  0.000000  0.521922  0.00000  0.000000   \n",
      "23  0.423808   0.000000     0.000000  0.000000  0.000000  0.00000  0.000000   \n",
      "\n",
      "    gender-bender    harem  historical  ...  one-shot  psychological  \\\n",
      "0        0.000000  0.00000    0.000000  ...  0.000000       0.000000   \n",
      "1        0.000000  0.00000    0.000000  ...  0.000000       0.000000   \n",
      "2        0.000000  0.00000    0.000000  ...  0.000000       0.000000   \n",
      "3        0.000000  0.00000    0.000000  ...  0.000000       0.000000   \n",
      "4        0.000000  0.00000    0.000000  ...  0.000000       0.688482   \n",
      "5        0.000000  0.00000    0.000000  ...  0.000000       0.000000   \n",
      "6        0.000000  0.00000    0.000000  ...  0.000000       0.000000   \n",
      "7        0.000000  0.00000    0.000000  ...  0.000000       0.000000   \n",
      "8        0.000000  0.00000    0.000000  ...  0.000000       0.000000   \n",
      "9        0.000000  0.00000    0.666386  ...  0.000000       0.000000   \n",
      "10       0.000000  0.00000    0.000000  ...  0.000000       0.000000   \n",
      "11       0.000000  0.00000    0.000000  ...  0.474303       0.000000   \n",
      "12       0.000000  0.00000    0.000000  ...  0.000000       0.000000   \n",
      "13       0.000000  0.00000    0.000000  ...  0.471354       0.000000   \n",
      "14       0.000000  0.51735    0.000000  ...  0.000000       0.000000   \n",
      "15       0.000000  0.00000    0.000000  ...  0.000000       0.000000   \n",
      "16       0.000000  0.00000    0.000000  ...  0.000000       0.000000   \n",
      "17       0.000000  0.00000    0.000000  ...  0.000000       0.000000   \n",
      "18       0.000000  0.00000    0.000000  ...  0.000000       0.445398   \n",
      "19       0.000000  0.00000    0.000000  ...  0.000000       0.447713   \n",
      "20       0.669257  0.00000    0.000000  ...  0.000000       0.000000   \n",
      "21       0.000000  0.00000    0.000000  ...  0.000000       0.000000   \n",
      "22       0.000000  0.00000    0.000000  ...  0.000000       0.000000   \n",
      "23       0.000000  0.00000    0.000000  ...  0.000000       0.000000   \n",
      "\n",
      "     romance  school-life    seinen   shounen  slice-of-life  supernatural  \\\n",
      "0   0.000000     0.000000  0.000000  0.000000       0.000000      0.000000   \n",
      "1   0.000000     0.000000  0.000000  0.328643       0.000000      0.401712   \n",
      "2   0.000000     0.000000  0.000000  0.541809       0.000000      0.000000   \n",
      "3   0.000000     0.000000  0.000000  0.443689       0.000000      0.000000   \n",
      "4   0.000000     0.000000  0.000000  0.402000       0.000000      0.000000   \n",
      "5   0.000000     0.000000  0.000000  0.541809       0.000000      0.662272   \n",
      "6   0.000000     0.000000  0.000000  0.360796       0.617913      0.441013   \n",
      "7   0.345781     0.484481  0.000000  0.000000       0.000000      0.345781   \n",
      "8   0.000000     0.000000  0.000000  0.000000       0.000000      0.000000   \n",
      "9   0.000000     0.000000  0.000000  0.312603       0.000000      0.000000   \n",
      "10  0.000000     0.000000  0.000000  0.000000       0.000000      0.000000   \n",
      "11  0.307306     0.430573  0.000000  0.000000       0.430573      0.000000   \n",
      "12  0.000000     0.000000  0.000000  0.000000       0.000000      0.000000   \n",
      "13  0.305395     0.000000  0.000000  0.249846       0.000000      0.000000   \n",
      "14  0.296648     0.000000  0.457854  0.000000       0.000000      0.000000   \n",
      "15  0.314278     0.000000  0.000000  0.000000       0.000000      0.000000   \n",
      "16  0.575588     0.000000  0.000000  0.000000       0.000000      0.000000   \n",
      "17  0.382786     0.536330  0.000000  0.000000       0.536330      0.382786   \n",
      "18  0.000000     0.000000  0.490633  0.000000       0.000000      0.000000   \n",
      "19  0.319539     0.000000  0.000000  0.261417       0.000000      0.319539   \n",
      "20  0.000000     0.000000  0.000000  0.000000       0.000000      0.000000   \n",
      "21  0.000000     0.000000  0.000000  0.443689       0.000000      0.542336   \n",
      "22  0.000000     0.000000  0.000000  0.450465       0.000000      0.000000   \n",
      "23  0.000000     0.000000  0.000000  0.443689       0.000000      0.542336   \n",
      "\n",
      "     tragedy  truyen-mau  \n",
      "0   0.000000    0.000000  \n",
      "1   0.000000    0.000000  \n",
      "2   0.000000    0.000000  \n",
      "3   0.000000    0.000000  \n",
      "4   0.000000    0.000000  \n",
      "5   0.000000    0.000000  \n",
      "6   0.000000    0.000000  \n",
      "7   0.533686    0.000000  \n",
      "8   0.000000    0.000000  \n",
      "9   0.000000    0.000000  \n",
      "10  0.000000    0.000000  \n",
      "11  0.474303    0.000000  \n",
      "12  0.000000    0.000000  \n",
      "13  0.000000    0.000000  \n",
      "14  0.000000    0.000000  \n",
      "15  0.000000    0.548096  \n",
      "16  0.000000    0.000000  \n",
      "17  0.000000    0.000000  \n",
      "18  0.000000    0.000000  \n",
      "19  0.000000    0.000000  \n",
      "20  0.000000    0.000000  \n",
      "21  0.000000    0.000000  \n",
      "22  0.000000    0.000000  \n",
      "23  0.000000    0.000000  \n",
      "\n",
      "[24 rows x 25 columns]\n"
     ]
    }
   ],
   "source": [
    "tfidf_df = pd.DataFrame(tfidf_matrix.toarray(), columns=tfidf.get_feature_names_out())\n",
    "print(tfidf_df)"
   ]
  },
  {
   "cell_type": "code",
   "execution_count": 23,
   "metadata": {},
   "outputs": [
    {
     "data": {
      "text/plain": [
       "<24x25 sparse matrix of type '<class 'numpy.float64'>'\n",
       "\twith 106 stored elements in Compressed Sparse Row format>"
      ]
     },
     "execution_count": 23,
     "metadata": {},
     "output_type": "execute_result"
    }
   ],
   "source": [
    "tfidf_matrix"
   ]
  },
  {
   "cell_type": "code",
   "execution_count": 24,
   "metadata": {},
   "outputs": [],
   "source": [
    "cosine_sim = linear_kernel(tfidf_matrix, tfidf_matrix)"
   ]
  },
  {
   "cell_type": "code",
   "execution_count": 25,
   "metadata": {},
   "outputs": [
    {
     "data": {
      "text/plain": [
       "array([[1.        , 0.50982022, 0.84050169, 0.68828885, 0.23643726,\n",
       "        0.31866598, 0.21220263, 0.        , 0.        , 0.        ,\n",
       "        0.        , 0.        , 0.        , 0.38758281, 0.23374351,\n",
       "        0.        , 0.        , 0.        , 0.40343549, 0.2517799 ,\n",
       "        0.18465024, 0.26095634, 0.26494172, 0.26095634],\n",
       "       [0.50982022, 1.        , 0.60656655, 0.74070678, 0.4300093 ,\n",
       "        0.60656655, 0.56309378, 0.26370742, 0.        , 0.41255186,\n",
       "        0.53849889, 0.1109164 , 0.53849889, 0.52732667, 0.22623695,\n",
       "        0.        , 0.46669535, 0.29192915, 0.32041476, 0.3426378 ,\n",
       "        0.40529015, 0.74070678, 0.48185048, 0.49671881],\n",
       "       [0.84050169, 0.60656655, 1.        , 0.8189024 , 0.41653326,\n",
       "        0.5613962 , 0.37383893, 0.        , 0.        , 0.16937116,\n",
       "        0.        , 0.        , 0.        , 0.46113269, 0.19646181,\n",
       "        0.        , 0.        , 0.        , 0.33908821, 0.35325936,\n",
       "        0.15519884, 0.4597287 , 0.46674978, 0.4597287 ],\n",
       "       [0.68828885, 0.74070678, 0.8189024 , 1.        , 0.34110009,\n",
       "        0.4597287 , 0.3061376 , 0.        , 0.        , 0.37077813,\n",
       "        0.        , 0.        , 0.        , 0.56311069, 0.16088305,\n",
       "        0.        , 0.34959513, 0.        , 0.27768015, 0.28928494,\n",
       "        0.36017222, 0.7058718 , 0.38222252, 0.37647293],\n",
       "       [0.23643726, 0.4300093 , 0.41653326, 0.34110009, 1.        ,\n",
       "        0.41653326, 0.47207874, 0.        , 0.        , 0.12566654,\n",
       "        0.32934917, 0.13567428, 0.32934917, 0.1920771 , 0.13096905,\n",
       "        0.        , 0.2541197 , 0.1689984 , 0.4020354 , 0.41333189,\n",
       "        0.11515125, 0.34110009, 0.34630945, 0.34110009],\n",
       "       [0.31866598, 0.60656655, 0.5613962 , 0.4597287 , 0.41653326,\n",
       "        1.        , 0.66590926, 0.22900078, 0.        , 0.16937116,\n",
       "        0.        , 0.        , 0.        , 0.25887814, 0.        ,\n",
       "        0.        , 0.        , 0.25350823, 0.12856117, 0.35325936,\n",
       "        0.15519884, 0.8189024 , 0.46674978, 0.8189024 ],\n",
       "       [0.21220263, 0.56309378, 0.37383893, 0.3061376 , 0.47207874,\n",
       "        0.66590926, 1.        , 0.15249374, 0.        , 0.11278582,\n",
       "        0.29559114, 0.38782459, 0.29559114, 0.17238935, 0.11754483,\n",
       "        0.        , 0.22807263, 0.65189499, 0.08561007, 0.23523868,\n",
       "        0.10334834, 0.54531469, 0.310813  , 0.54531469],\n",
       "       [0.        , 0.26370742, 0.        , 0.        , 0.        ,\n",
       "        0.22900078, 0.15249374, 1.        , 0.36592619, 0.26668055,\n",
       "        0.23176131, 0.5679939 , 0.23176131, 0.20047943, 0.10257529,\n",
       "        0.10867137, 0.19902718, 0.52456172, 0.09876039, 0.34472051,\n",
       "        0.26782946, 0.18752929, 0.38428978, 0.39754633],\n",
       "       [0.        , 0.        , 0.        , 0.        , 0.        ,\n",
       "        0.        , 0.        , 0.36592619, 1.        , 0.40436733,\n",
       "        0.        , 0.        , 0.        , 0.        , 0.        ,\n",
       "        0.        , 0.        , 0.        , 0.        , 0.33815528,\n",
       "        0.40610942, 0.        , 0.58269804, 0.5739328 ],\n",
       "       [0.        , 0.41255186, 0.16937116, 0.37077813, 0.12566654,\n",
       "        0.16937116, 0.11278582, 0.26668055, 0.40436733, 1.        ,\n",
       "        0.25610822, 0.        , 0.25610822, 0.31363607, 0.        ,\n",
       "        0.        , 0.24630906, 0.        , 0.10913533, 0.21845864,\n",
       "        0.46018277, 0.37077813, 0.56547674, 0.37077813],\n",
       "       [0.        , 0.53849889, 0.        , 0.        , 0.32934917,\n",
       "        0.        , 0.29559114, 0.23176131, 0.        , 0.25610822,\n",
       "        1.        , 0.20597332, 1.        , 0.20469266, 0.1988301 ,\n",
       "        0.        , 0.38579072, 0.25656419, 0.21306488, 0.        ,\n",
       "        0.25721158, 0.        , 0.36905493, 0.        ],\n",
       "       [0.        , 0.1109164 , 0.        , 0.        , 0.13567428,\n",
       "        0.        , 0.38782459, 0.5679939 , 0.        , 0.        ,\n",
       "        0.20597332, 1.        , 0.20597332, 0.31741428, 0.17306916,\n",
       "        0.09657954, 0.33580669, 0.68518165, 0.        , 0.0981961 ,\n",
       "        0.        , 0.        , 0.        , 0.        ],\n",
       "       [0.        , 0.53849889, 0.        , 0.        , 0.32934917,\n",
       "        0.        , 0.29559114, 0.23176131, 0.        , 0.25610822,\n",
       "        1.        , 0.20597332, 1.        , 0.20469266, 0.1988301 ,\n",
       "        0.        , 0.38579072, 0.25656419, 0.21306488, 0.        ,\n",
       "        0.25721158, 0.        , 0.36905493, 0.        ],\n",
       "       [0.38758281, 0.52732667, 0.46113269, 0.56311069, 0.1920771 ,\n",
       "        0.25887814, 0.17238935, 0.20047943, 0.        , 0.31363607,\n",
       "        0.20469266, 0.31741428, 0.20469266, 1.        , 0.18118993,\n",
       "        0.09597905, 0.37264248, 0.11690093, 0.24359029, 0.26048501,\n",
       "        0.30811547, 0.39748395, 0.36631926, 0.21199593],\n",
       "       [0.23374351, 0.22623695, 0.19646181, 0.16088305, 0.13096905,\n",
       "        0.        , 0.11754483, 0.10257529, 0.        , 0.        ,\n",
       "        0.1988301 , 0.17306916, 0.1988301 , 0.18118993, 1.        ,\n",
       "        0.09323013, 0.3241608 , 0.21557816, 0.31893869, 0.18958126,\n",
       "        0.        , 0.        , 0.        , 0.        ],\n",
       "       [0.        , 0.        , 0.        , 0.        , 0.        ,\n",
       "        0.        , 0.        , 0.10867137, 0.        , 0.        ,\n",
       "        0.        , 0.09657954, 0.        , 0.09597905, 0.09323013,\n",
       "        1.        , 0.18089475, 0.12030127, 0.        , 0.10042407,\n",
       "        0.        , 0.        , 0.        , 0.        ],\n",
       "       [0.        , 0.46669535, 0.        , 0.34959513, 0.2541197 ,\n",
       "        0.        , 0.22807263, 0.19902718, 0.        , 0.24630906,\n",
       "        0.38579072, 0.33580669, 0.38579072, 0.37264248, 0.3241608 ,\n",
       "        0.18089475, 1.        , 0.41828705, 0.        , 0.18392259,\n",
       "        0.24737021, 0.34959513, 0.        , 0.        ],\n",
       "       [0.        , 0.29192915, 0.        , 0.        , 0.1689984 ,\n",
       "        0.25350823, 0.65189499, 0.52456172, 0.        , 0.        ,\n",
       "        0.25656419, 0.68518165, 0.25656419, 0.11690093, 0.21557816,\n",
       "        0.12030127, 0.41828705, 1.        , 0.        , 0.24462978,\n",
       "        0.        , 0.2075985 , 0.        , 0.2075985 ],\n",
       "       [0.40343549, 0.32041476, 0.33908821, 0.27768015, 0.4020354 ,\n",
       "        0.12856117, 0.08561007, 0.09876039, 0.        , 0.10913533,\n",
       "        0.21306488, 0.        , 0.21306488, 0.24359029, 0.31893869,\n",
       "        0.        , 0.        , 0.        , 1.        , 0.30098721,\n",
       "        0.18409996, 0.10527905, 0.26415218, 0.10527905],\n",
       "       [0.2517799 , 0.3426378 , 0.35325936, 0.28928494, 0.41333189,\n",
       "        0.35325936, 0.23523868, 0.34472051, 0.33815528, 0.21845864,\n",
       "        0.        , 0.0981961 , 0.        , 0.26048501, 0.18958126,\n",
       "        0.10042407, 0.18392259, 0.24462978, 0.30098721, 1.        ,\n",
       "        0.13732805, 0.28928494, 0.31480145, 0.48336335],\n",
       "       [0.18465024, 0.40529015, 0.15519884, 0.36017222, 0.11515125,\n",
       "        0.15519884, 0.10334834, 0.26782946, 0.40610942, 0.46018277,\n",
       "        0.25721158, 0.        , 0.25721158, 0.30811547, 0.        ,\n",
       "        0.        , 0.24737021, 0.        , 0.18409996, 0.13732805,\n",
       "        1.        , 0.36017222, 0.55552326, 0.36017222],\n",
       "       [0.26095634, 0.74070678, 0.4597287 , 0.7058718 , 0.34110009,\n",
       "        0.8189024 , 0.54531469, 0.18752929, 0.        , 0.37077813,\n",
       "        0.        , 0.        , 0.        , 0.39748395, 0.        ,\n",
       "        0.        , 0.34959513, 0.2075985 , 0.10527905, 0.28928494,\n",
       "        0.36017222, 1.        , 0.38222252, 0.67060114],\n",
       "       [0.26494172, 0.48185048, 0.46674978, 0.38222252, 0.34630945,\n",
       "        0.46674978, 0.310813  , 0.38428978, 0.58269804, 0.56547674,\n",
       "        0.36905493, 0.        , 0.36905493, 0.36631926, 0.        ,\n",
       "        0.        , 0.        , 0.        , 0.26415218, 0.31480145,\n",
       "        0.55552326, 0.38222252, 1.        , 0.71665204],\n",
       "       [0.26095634, 0.49671881, 0.4597287 , 0.37647293, 0.34110009,\n",
       "        0.8189024 , 0.54531469, 0.39754633, 0.5739328 , 0.37077813,\n",
       "        0.        , 0.        , 0.        , 0.21199593, 0.        ,\n",
       "        0.        , 0.        , 0.2075985 , 0.10527905, 0.48336335,\n",
       "        0.36017222, 0.67060114, 0.71665204, 1.        ]])"
      ]
     },
     "execution_count": 25,
     "metadata": {},
     "output_type": "execute_result"
    }
   ],
   "source": [
    "cosine_sim"
   ]
  },
  {
   "cell_type": "code",
   "execution_count": 26,
   "metadata": {},
   "outputs": [],
   "source": [
    "import pandas as pd"
   ]
  },
  {
   "cell_type": "code",
   "execution_count": 27,
   "metadata": {},
   "outputs": [],
   "source": [
    "def get_recommendations_by_manga_ids(manga_ids, cosine_sim=cosine_sim, mangas_df=mangas_df):\n",
    "    recommended_mangas = pd.DataFrame(columns=['name', 'author', 'genre'])\n",
    "\n",
    "    for manga_id in manga_ids:\n",
    "        idx = mangas_df.index[mangas_df['_id'] == manga_id].tolist()\n",
    "\n",
    "        if idx:\n",
    "            idx = idx[0]\n",
    "            sim_scores = list(enumerate(cosine_sim[idx]))\n",
    "            sim_scores = sorted(sim_scores, key=lambda x: x[1], reverse=True)\n",
    "            sim_scores = sim_scores[1:11]\n",
    "            manga_indices = [i[0] for i in sim_scores]\n",
    "            recommended_mangas = pd.concat([recommended_mangas, mangas_df.iloc[manga_indices]], ignore_index=True)\n",
    "\n",
    "    return recommended_mangas"
   ]
  },
  {
   "cell_type": "code",
   "execution_count": 28,
   "metadata": {},
   "outputs": [
    {
     "data": {
      "text/plain": [
       "['66648eb0e14004ab2684b3c3',\n",
       " '66648f04e14004ab2684b3e4',\n",
       " '66648d1fe14004ab2684b308',\n",
       " '66787e4607cebf7337495fe3',\n",
       " '667875ef07cebf7337495a38',\n",
       " '666495a0e14004ab2684b890',\n",
       " '6678836f07cebf7337496332',\n",
       " '6678806007cebf73374960c3',\n",
       " '667883f207cebf7337496366',\n",
       " '66787ec307cebf7337496017']"
      ]
     },
     "execution_count": 28,
     "metadata": {},
     "output_type": "execute_result"
    }
   ],
   "source": [
    "mangaId = ['66786c78c070b2f1253fb2ad']\n",
    "result = get_recommendations_by_manga_ids(mangaId)\n",
    "result = result['_id'].tolist()\n",
    "result\n"
   ]
  }
 ],
 "metadata": {
  "kernelspec": {
   "display_name": "venv",
   "language": "python",
   "name": "python3"
  },
  "language_info": {
   "codemirror_mode": {
    "name": "ipython",
    "version": 3
   },
   "file_extension": ".py",
   "mimetype": "text/x-python",
   "name": "python",
   "nbconvert_exporter": "python",
   "pygments_lexer": "ipython3",
   "version": "3.12.3"
  }
 },
 "nbformat": 4,
 "nbformat_minor": 2
}
